-3601,-487
-3602,-474
-3602,-477
-3603,-479
-3604,-473
-3605,-473
-3606,-474
-3606,-491
-3608,-474
-3608,-478
-3608,-479
-3608,-493
-3609,-480
-3609,-489
-3609,-490
-3610,-476
-3610,-480
-3611,-493
-3612,-477
-3612,-478
-3612,-482
-3612,-494
-3612,-496
-3613,-475
-3613,-476
-3613,-489
-3613,-491
-3613,-495
-3615,-475
-3615,-476
-3615,-479
-3615,-480
-3615,-496
-3616,-478
-3616,-479
-3616,-494
-3616,-495
-3617,-476
-3617,-478
-3617,-493
-3618,-477
-3618,-479
-3618,-482
-3618,-484
-3618,-495
-3619,-475
-3619,-476
-3620,-477
-3620,-496
-3621,-479
-3621,-480
-3621,-483
-3622,-475
-3622,-476
-3622,-487
-3622,-496
-3623,-478
-3623,-479
-3623,-480
-3623,-493
-3623,-496
-3624,-484
-3624,-494
-3625,-476
-3625,-480
-3626,-480
-3626,-493
-3626,-495
-3626,-496
-3627,-482
-3628,-479
-3628,-481
-3628,-483
-3628,-484
-3628,-486
-3629,-481
-3630,-482
-3630,-483
-3631,-479
-3631,-480
-3631,-484
-3632,-486
-3633,-484
-3634,-481
-3635,-483
-3635,-485
-3636,-479
-3636,-481
-3637,-486
-3638,-481
-3638,-482
-3638,-484
-3639,-481
-3639,-483
-3639,-484
-3639,-485
-3640,-481
-3640,-485
-3641,-486
-3642,-483
-3642,-484
-3645,-481
-3645,-483
-3646,-482
-3647,-482
-3647,-486
-3648,-485
-3649,-484
-3649,-487
-3650,-487
-3652,-484
-3653,-485
-3654,-483
-3654,-487
-3655,-483
-3655,-484
-3657,-485
-3657,-486
-3658,-486
-3660,-483
-3660,-484
-3660,-486
-3673,-485
-3675,-483
-3678,-487
-3679,-481
-3679,-485
-3679,-488
-3680,-489
-3681,-482
-3681,-484
-3684,-483
-3684,-485
-3684,-487
-3684,-488
-3685,-483
-3685,-484
-3686,-486
-3686,-488
-3687,-485
-3687,-486
-3687,-487
-3688,-484
-3688,-485
-3688,-488
-3689,-488
-3689,-489
-3690,-488
-3691,-485
-3692,-479
-3693,-489
-3694,-485
-3694,-486
-3694,-490
-3695,-488
-3696,-485
-3696,-487
-3696,-489
-3696,-490
-3697,-487
-3698,-489
-3699,-490
-3700,-486
-3700,-487
-3701,-485
-3701,-488
-3702,-486
-3702,-487
-3702,-488
-3702,-492
-3703,-493
-3704,-482
-3704,-484
-3704,-491
-3705,-485
-3705,-487
-3706,-485
-3706,-486
-3706,-491
-3707,-491
-3708,-485
-3708,-488
-3708,-489
-3708,-491
-3708,-492
-3709,-487
-3709,-494
-3710,-486
-3710,-489
-3711,-487
-3711,-489
-3712,-490
-3712,-491
-3712,-492
-3713,-484
-3713,-486
-3713,-489
-3713,-495
-3714,-490
-3714,-493
-3715,-488
-3716,-486
-3716,-491
-3716,-493
-3717,-487
-3717,-492
-3718,-484
-3718,-489
-3718,-494
-3719,-485
-3719,-488
-3719,-490
-3719,-491
-3719,-494
-3720,-485
-3720,-489
-3720,-491
-3720,-493
-3720,-495
-3721,-484
-3721,-485
-3721,-489
-3721,-491
-3721,-493
-3722,-486
-3722,-489
-3722,-490
-3723,-487
-3723,-488
-3723,-490
-3723,-494
-3724,-495
-3724,-496
-3725,-486
-3725,-488
-3726,-491
-3726,-498
-3727,-489
-3727,-491
-3727,-492
-3727,-494
-3728,-485
-3729,-489
-3729,-492
-3729,-496
-3730,-489
-3730,-491
-3731,-487
-3732,-487
-3732,-489
-3732,-496
-3733,-485
-3733,-492
-3733,-497
-3734,-486
-3734,-487
-3734,-490
-3734,-491
-3734,-493
-3734,-494
-3735,-484
-3735,-486
-3735,-491
-3736,-489
-3736,-492
-3736,-493
-3736,-498
-3737,-491
-3737,-494
-3737,-496
-3738,-489
-3738,-491
-3738,-492
-3740,-488
-3740,-489
-3740,-490
-3740,-491
-3740,-496
-3741,-493
-3741,-494
-3741,-495
-3742,-489
-3742,-493
-3742,-494
-3743,-493
-3743,-496
-3743,-498
-3744,-490
-3744,-491
-3744,-500
-3745,-495
-3745,-496
-3745,-497
-3745,-498
-3746,-492
-3747,-489
-3747,-491
-3748,-491
-3748,-496
-3749,-499
-3749,-500
-3750,-491
-3750,-492
-3750,-493
-3750,-495
-3750,-499
-3750,-500
-3751,-494
-3751,-497
-3752,-481
-3752,-492
-3752,-493
-3752,-498
-3753,-486
-3753,-491
-3753,-494
-3754,-483
-3754,-484
-3754,-500
-3754,-501
-3755,-493
-3755,-500
-3756,-499
-3757,-481
-3757,-482
-3757,-491
-3757,-493
-3757,-494
-3758,-489
-3758,-490
-3758,-491
-3758,-497
-3759,-484
-3759,-491
-3759,-497
-3759,-501
-3760,-488
-3760,-499
-3760,-501
-3761,-481
-3761,-484
-3761,-492
-3761,-503
-3762,-482
-3762,-486
-3762,-494
-3762,-504
-3763,-490
-3763,-491
-3763,-493
-3763,-496
-3763,-498
-3763,-502
-3765,-483
-3765,-484
-3765,-486
-3765,-493
-3765,-494
-3766,-489
-3766,-497
-3766,-499
-3767,-489
-3767,-497
-3768,-484
-3768,-491
-3768,-494
-3768,-502
-3768,-504
-3769,-487
-3769,-501
-3769,-503
-3770,-482
-3770,-485
-3770,-494
-3770,-504
-3771,-485
-3771,-487
-3771,-495
-3771,-500
-3771,-501
-3772,-488
-3772,-489
-3772,-496
-3772,-498
-3773,-486
-3773,-487
-3773,-492
-3773,-494
-3773,-495
-3773,-502
-3773,-505
-3774,-490
-3774,-495
-3774,-496
-3775,-487
-3775,-490
-3775,-492
-3775,-493
-3775,-495
-3775,-503
-3776,-486
-3776,-495
-3776,-497
-3776,-500
-3776,-505
-3777,-484
-3777,-485
-3777,-493
-3777,-494
-3777,-495
-3777,-497
-3777,-499
-3777,-502
-3777,-506
-3778,-483
-3778,-484
-3778,-488
-3778,-489
-3778,-494
-3778,-498
-3779,-483
-3779,-488
-3779,-495
-3779,-505
-3780,-482
-3780,-485
-3780,-487
-3780,-491
-3780,-494
-3781,-490
-3781,-502
-3782,-488
-3782,-499
-3782,-500
-3783,-489
-3783,-491
-3783,-496
-3783,-506
-3784,-485
-3784,-490
-3784,-491
-3784,-493
-3784,-495
-3784,-496
-3784,-500
-3784,-502
-3784,-504
-3785,-488
-3785,-490
-3785,-497
-3785,-500
-3785,-505
-3786,-491
-3786,-495
-3788,-505
-3789,-491
-3789,-492
-3789,-493
-3789,-503
-3789,-506
-3790,-489
-3790,-493
-3790,-496
-3790,-498
-3791,-493
-3791,-496
-3792,-490
-3792,-495
-3792,-497
-3792,-499
-3792,-503
-3792,-504
-3792,-506
-3794,-495
-3794,-500
-3794,-501
-3794,-505
-3795,-495
-3796,-497
-3796,-502
-3797,-493
-3797,-497
-3797,-498
-3797,-504
-3797,-506
-3797,-507
-3798,-497
-3798,-503
-3799,-492
-3799,-497
-3799,-499
-3800,-498
-3800,-507
-3801,-504
-3802,-494
-3802,-495
-3802,-506
-3803,-491
-3803,-499
-3803,-501
-3803,-508
-3804,-494
-3804,-497
-3804,-498
-3804,-500
-3804,-503
-3805,-498
-3805,-499
-3805,-503
-3805,-506
-3806,-492
-3806,-493
-3806,-495
-3806,-508
-3807,-496
-3807,-497
-3807,-499
-3808,-503
-3808,-504
-3809,-497
-3809,-499
-3809,-500
-3810,-496
-3810,-497
-3810,-505
-3810,-506
-3810,-507
-3811,-496
-3811,-500
-3811,-506
-3811,-507
-3811,-508
-3812,-496
-3812,-497
-3812,-499
-3813,-495
-3813,-500
-3813,-501
-3814,-495
-3815,-505
-3815,-510
-3816,-495
-3816,-511
-3817,-499
-3817,-500
-3818,-497
-3818,-503
-3819,-495
-3819,-496
-3819,-497
-3819,-499
-3819,-501
-3819,-509
-3820,-497
-3820,-499
-3820,-501
-3820,-506
-3821,-493
-3821,-499
-3823,-510
-3824,-498
-3824,-499
-3824,-502
-3824,-508
-3824,-510
-3825,-499
-3825,-509
-3825,-510
-3826,-497
-3826,-499
-3826,-501
-3828,-505
-3829,-502
-3829,-512
-3831,-502
-3831,-509
-3831,-510
-3831,-512
-3832,-499
-3832,-501
-3832,-504
-3834,-498
-3835,-501
-3835,-511
-3836,-502
-3836,-507
-3836,-508
-3836,-509
-3837,-499
-3837,-505
-3837,-510
-3838,-507
-3838,-512
-3840,-505
-3841,-506
-3841,-511
-3842,-508
-3842,-512
-3843,-507
-3844,-498
-3844,-511
-3845,-505
-3846,-498
-3846,-499
-3846,-506
-3846,-509
-3846,-510
-3847,-510
-3848,-510
